9999
9998
9997
9996
9996
9996
9996
9994
9994
9993
9993
9992
9991
9991
9991
9991
9990
9990
9988
9984
9981
9980
9979
9978
9978
9977
9977
9976
9976
9975
9974
9972
9972
9971
9970
9969
9967
9967
9967
9967
9965
9965
9964
9959
9958
9956
9956
9956
9955
9955
9954
9953
9953
9952
9952
9950
9950
9950
9949
9949
9949
9948
9947
9944
9944
9940
9940
9940
9939
9939
9938
9937
9936
9935
9935
9935
9934
9933
9932
9932
9930
9928
9927
9924
9923
9923
9923
9918
9918
9917
9917
9916
9914
9913
9912
9910
9909
9907
9907
9905
9903
9901
9898
9897
9895
9894
9892
9892
9891
9889
9889
9887
9887
9887
9887
9886
9885
9882
9882
9882
9881
9880
9880
9880
9877
9877
9875
9873
9873
9872
9869
9867
9865
9865
9864
9864
9862
9862
9861
9860
9859
9859
9859
9857
9857
9855
9854
9854
9850
9849
9849
9849
9849
9848
9846
9845
9844
9843
9843
9843
9842
9841
9841
9838
9835
9834
9834
9834
9832
9832
9832
9830
9830
9829
9828
9826
9826
9824
9823
9823
9823
9823
9820
9819
9817
9815
9814
9814
9813
9813
9813
9812
9812
9812
9812
9809
9808
9808
9808
9807
9806
9805
9804
9803
9801
9800
9798
9795
9793
9792
9792
9792
9791
9789
9789
9789
9787
9786
9786
9784
9783
9782
9781
9780
9779
9777
9776
9776
9774
9774
9772
9772
9772
9772
9772
9771
9771
9768
9767
9765
9765
9764
9762
9758
9757
9757
9754
9754
9753
9753
9752
9750
9750
9749
9748
9746
9746
9744
9744
9743
9742
9742
9740
9738
9734
9733
9732
9732
9729
9729
9729
9729
9728
9728
9727
9727
9726
9724
9722
9720
9718
9717
9715
9714
9713
9713
9711
9710
9709
9708
9706
9706
9705
9705
9705
9703
9701
9701
9701
9699
9698
9698
9696
9696
9694
9693
9693
9692
9691
9689
9689
9689
9687
9685
9683
9683
9680
9680
9679
9678
9677
9675
9674
9673
9673
9671
9671
9671
9671
9671
9670
9670
9669
9669
9667
9664
9663
9662
9661
9661
9661
9660
9660
9654
9653
9652
9650
9649
9649
9647
9647
9646
9644
9644
9643
9640
9639
9634
9634
9634
9629
9628
9628
9628
9626
9623
9623
9623
9622
9622
9620
9619
9618
9618
9618
9618
9617
9614
9612
9612
9608
9607
9606
9605
9605
9605
9602
9601
9601
9599
9599
9598
9597
9596
9595
9595
9594
9594
9593
9593
9593
9592
9591
9586
9585
9585
9584
9583
9583
9582
9582
9581
9581
9581
9579
9579
9579
9576
9575
9575
9575
9574
9574
9574
9573
9572
9572
9569
9569
9567
9566
9566
9563
9562
9561
9561
9560
9560
9559
9558
9557
9555
9552
9550
9547
9547
9547
9546
9545
9544
9543
9540
9539
9538
9538
9537
9535
9534
9534
9533
9533
9530
9529
9529
9529
9529
9527
9527
9526
9525
9525
9524
9523
9522
9521
9521
9521
9520
9519
9519
9517
9517
9515
9515
9515
9515
9513
9512
9510
9508
9507
9506
9504
9504
9503
9502
9502
9501
9501
9501
9500
9500
9496
9495
9495
9495
9493
9492
9492
9492
9491
9490
9489
9489
9484
9484
9484
9482
9481
9481
9480
9478
9478
9477
9477
9476
9475
9474
9473
9472
9471
9468
9468
9467
9466
9465
9464
9463
9463
9460
9459
9458
9458
9457
9456
9456
9456
9456
9455
9455
9454
9453
9453
9453
9451
9449
9449
9448
9448
9448
9443
9443
9442
9442
9438
9435
9435
9432
9430
9430
9427
9427
9424
9422
9421
9419
9419
9417
9417
9416
9411
9410
9410
9409
9408
9407
9407
9406
9404
9404
9404
9403
9403
9402
9401
9400
9399
9398
9397
9395
9395
9395
9394
9393
9393
9393
9392
9390
9390
9390
9389
9389
9387
9387
9386
9386
9384
9384
9380
9380
9380
9380
9379
9379
9378
9378
9378
9377
9376
9376
9375
9375
9373
9373
9373
9372
9371
9370
9369
9367
9366
9366
9366
9365
9365
9363
9362
9362
9360
9356
9355
9354
9352
9351
9351
9350
9347
9344
9343
9338
9338
9337
9335
9333
9331
9331
9331
9327
9325
9324
9324
9324
9323
9323
9322
9321
9320
9319
9318
9316
9316
9314
9312
9312
9311
9310
9309
9307
9305
9305
9304
9301
9299
9297
9296
9291
9291
9290
9288
9287
9284
9283
9282
9282
9282
9281
9279
9275
9274
9273
9272
9270
9269
9269
9268
9267
9267
9264
9264
9263
9263
9263
9263
9263
9259
9258
9257
9257
9256
9256
9253
9253
9251
9251
9249
9249
9248
9247
9247
9246
9244
9244
9242
9242
9241
9240
9240
9240
9240
9239
9238
9236
9236
9236
9235
9234
9233
9232
9232
9231
9228
9227
9226
9224
9223
9223
9223
9222
9222
9221
9220
9220
9219
9218
9217
9216
9214
9214
9212
9212
9210
9209
9209
9207
9206
9205
9202
9201
9201
9200
9199
9198
9198
9195
9192
9191
9190
9190
9189
9189
9186
9184
9183
9180
9180
9179
9178
9177
9176
9176
9175
9171
9169
9167
9166
9165
9165
9162
9162
9161
9160
9159
9159
9158
9156
9154
9154
9153
9153
9151
9148
9147
9146
9145
9145
9145
9144
9144
9143
9142
9141
9141
9140
9140
9139
9139
9136
9136
9135
9133
9133
9132
9131
9130
9130
9128
9128
9128
9127
9127
9126
9126
9125
9124
9121
9119
9119
9119
9119
9117
9117
9114
9112
9109
9108
9108
9106
9106
9106
9105
9104
9102
9102
9102
9099
9099
9096
9096
9095
9095
9094
9094
9092
9091
9090
9090
9087
9087
9086
9085
9084
9078
9078
9078
9078
9077
9074
9072
9072
9070
9069
9068
9067
9066
9065
9065
9065
9065
9064
9062
9060
9058
9056
9056
9056
9055
9054
9053
9053
9052
9050
9049
9049
9048
9047
9047
9046
9046
9045
9044
9044
9042
9042
9042
9041
9039
9034
9034
9032
9032
9031
9031
9031
9027
9026
9026
9025
9025
9025
9024
9023
9022
9021
9018
9016
9013
9013
9013
9009
9009
9008
9007
9006
9005
9005
9003
9000
8997
8997
8994
8993
8990
8990
8988
8986
8985
8984
8981
8979
8977
8976
8975
8972
8965
8964
8963
8963
8963
8963
8963
8963
8963
8962
8962
8962
8960
8959
8958
8957
8956
8956
8954
8953
8952
8952
8951
8951
8948
8948
8945
8944
8940
8940
8940
8940
8936
8936
8935
8935
8933
8933
8932
8932
8931
8930
8930
8928
8928
8928
8927
8925
8925
8924
8924
8923
8922
8922
8922
8921
8921
8920
8920
8919
8919
8917
8917
8917
8917
8916
8915
8914
8911
8911
8911
8910
8910
8907
8906
8905
8905
8904
8903
8903
8903
8902
8902
8899
8899
8898
8898
8897
8897
8897
8896
8896
8896
8894
8893
8892
8892
8891
8891
8889
8887
8886
8883
8880
8879
8879
8878
8877
8877
8876
8876
8876
8875
8875
8875
8874
8872
8871
8870
8870
8870
8868
8867
8865
8865
8864
8864
8862
8861
8861
8860
8859
8858
8856
8855
8855
8854
8853
8853
8853
8851
8850
8850
8850
8848
8848
8846
8846
8846
8844
8843
8842
8842
8842
8841
8840
8839
8839
8838
8838
8838
8837
8837
8836
8833
8833
8832
8832
8831
8829
8828
8824
8823
8821
8821
8817
8815
8815
8812
8812
8811
8811
8810
8810
8808
8808
8807
8806
8806
8806
8805
8803
8802
8800
8800
8800
8800
8799
8798
8797
8794
8794
8793
8791
8788
8788
8788
8787
8787
8785
8784
8782
8782
8781
8781
8780
8780
8778
8778
8777
8776
8776
8776
8775
8773
8772
8771
8769
8767
8767
8767
8767
8767
8766
8765
8764
8764
8762
8758
8758
8758
8757
8757
8757
8756
8754
8752
8750
8749
8749
8747
8747
8745
8742
8741
8741
8740
8740
8740
8738
8736
8736
8735
8734
8733
8733
8731
8731
8731
8731
8729
8727
8727
8726
8726
8725
8725
8724
8724
8723
8719
8719
8719
8717
8716
8715
8715
8712
8711
8711
8711
8709
8709
8709
8708
8708
8705
8705
8705
8703
8702
8701
8699
8699
8697
8695
8695
8692
8692
8691
8691
8691
8689
8688
8687
8683
8682
8682
8681
8681
8681
8679
8678
8676
8675
8675
8673
8672
8672
8672
8672
8671
8671
8671
8670
8668
8667
8665
8664
8664
8664
8662
8662
8661
8661
8658
8656
8654
8651
8649
8648
8644
8643
8640
8640
8639
8637
8633
8632
8631
8627
8626
8623
8623
8622
8622
8621
8621
8620
8619
8618
8614
8613
8613
8612
8612
8611
8611
8608
8608
8608
8606
8604
8602
8602
8601
8600
8599
8598
8596
8596
8595
8594
8593
8591
8591
8591
8591
8590
8589
8588
8588
8586
8586
8586
8585
8584
8584
8584
8583
8580
8580
8578
8577
8577
8575
8573
8572
8570
8570
8570
8569
8568
8568
8568
8567
8565
8565
8564
8564
8564
8561
8559
8559
8557
8556
8554
8552
8552
8552
8550
8549
8548
8546
8546
8546
8545
8545
8543
8541
8538
8538
8537
8537
8536
8536
8535
8535
8533
8532
8531
8530
8530
8528
8526
8524
8522
8521
8520
8519
8518
8515
8514
8513
8513
8513
8511
8508
8508
8505
8502
8501
8500
8498
8496
8494
8493
8492
8489
8489
8486
8483
8482
8482
8482
8481
8479
8478
8478
8477
8477
8476
8475
8474
8474
8474
8473
8472
8470
8465
8465
8464
8463
8462
8462
8460
8459
8459
8459
8459
8459
8457
8457
8457
8455
8450
8449
8449
8448
8448
8447
8443
8438
8438
8438
8436
8435
8435
8432
8430
8429
8428
8428
8428
8427
8427
8424
8421
8420
8418
8417
8417
8415
8415
8415
8415
8415
8414
8414
8413
8413
8412
8412
8410
8409
8408
8407
8404
8404
8403
8403
8402
8400
8399
8399
8398
8394
8394
8394
8394
8392
8389
8387
8387
8387
8387
8385
8385
8385
8384
8383
8383
8382
8382
8380
8380
8378
8378
8378
8377
8374
8371
8369
8369
8368
8367
8366
8366
8365
8365
8363
8363
8363
8362
8360
8358
8358
8356
8355
8355
8353
8353
8352
8351
8350
8348
8348
8347
8344
8344
8343
8340
8337
8336
8336
8334
8330
8330
8329
8329
8328
8327
8326
8323
8322
8320
8319
8318
8317
8317
8315
8314
8314
8314
8314
8314
8312
8312
8312
8310
8309
8309
8309
8307
8307
8306
8306
8304
8303
8302
8300
8300
8299
8298
8298
8297
8296
8296
8295
8293
8293
8293
8288
8287
8284
8283
8282
8281
8280
8279
8276
8275
8275
8274
8272
8272
8271
8269
8269
8267
8267
8264
8261
8260
8260
8259
8259
8259
8257
8255
8253
8253
8253
8253
8252
8250
8244
8244
8244
8243
8243
8241
8238
8237
8237
8234
8234
8233
8232
8231
8231
8229
8229
8227
8227
8226
8226
8223
8219
8219
8218
8211
8209
8207
8206
8206
8206
8205
8205
8205
8203
8203
8202
8202
8196
8196
8194
8193
8193
8192
8191
8191
8190
8189
8188
8188
8188
8186
8186
8185
8184
8182
8180
8180
8178
8177
8176
8176
8176
8175
8174
8173
8173
8170
8169
8166
8165
8164
8164
8164
8163
8162
8161
8157
8156
8155
8154
8154
8153
8153
8153
8153
8153
8152
8152
8152
8151
8151
8151
8150
8149
8149
8148
8148
8146
8144
8143
8143
8142
8142
8141
8140
8139
8138
8137
8135
8134
8134
8133
8132
8132
8131
8128
8128
8124
8123
8120
8120
8119
8115
8114
8113
8112
8112
8111
8110
8110
8110
8107
8105
8102
8101
8096
8096
8091
8090
8089
8087
8086
8084
8083
8083
8083
8081
8081
8081
8080
8080
8077
8074
8071
8070
8067
8067
8066
8066
8065
8063
8062
8061
8060
8060
8059
8059
8057
8056
8055
8052
8052
8051
8051
8047
8047
8047
8047
8046
8045
8044
8043
8043
8042
8040
8039
8037
8033
8033
8031
8030
8030
8030
8029
8028
8025
8025
8023
8023
8022
8021
8018
8015
8013
8012
8010
8009
8009
8008
8008
8007
8006
8006
8006
8004
8001
8001
8001
7999
7999
7997
7997
7997
7996
7993
7990
7990
7988
7987
7986
7984
7983
7982
7981
7981
7980
7978
7978
7974
7974
7974
7974
7973
7973
7972
7971
7969
7967
7965
7965
7965
7964
7961
7960
7959
7958
7955
7955
7950
7950
7949
7949
7949
7948
7943
7943
7943
7942
7941
7941
7939
7939
7938
7938
7937
7937
7933
7932
7932
7931
7930
7929
7928
7927
7927
7926
7925
7925
7925
7925
7924
7921
7921
7920
7920
7920
7919
7917
7915
7914
7914
7913
7913
7911
7911
7909
7909
7908
7907
7906
7906
7906
7906
7905
7905
7903
7902
7902
7902
7900
7900
7900
7899
7898
7898
7896
7895
7893
7893
7893
7892
7891
7890
7890
7889
7887
7886
7885
7885
7884
7883
7883
7883
7882
7881
7878
7878
7878
7876
7876
7876
7873
7873
7872
7872
7871
7870
7870
7870
7870
7869
7869
7868
7867
7866
7865
7865
7865
7864
7863
7863
7862
7861
7860
7860
7857
7857
7855
7852
7851
7850
7850
7848
7847
7846
7842
7841
7840
7839
7839
7839
7838
7837
7836
7836
7835
7833
7832
7831
7829
7829
7828
7825
7824
7822
7821
7821
7821
7820
7820
7820
7818
7817
7817
7815
7814
7814
7813
7812
7812
7809
7809
7808
7808
7805
7804
7803
7801
7795
7794
7793
7792
7792
7792
7790
7790
7789
7786
7785
7782
7782
7779
7776
7776
7774
7774
7774
7773
7770
7770
7768
7766
7766
7763
7763
7763
7758
7757
7756
7756
7756
7755
7754
7754
7753
7753
7753
7752
7752
7752
7751
7750
7750
7749
7749
7748
7748
7745
7742
7741
7741
7741
7740
7739
7739
7738
7738
7738
7737
7737
7736
7735
7734
7734
7732
7732
7731
7730
7729
7728
7728
7727
7726
7725
7723
7720
7718
7718
7717
7716
7715
7714
7714
7714
7712
7710
7708
7706
7706
7705
7705
7704
7702
7700
7699
7698
7698
7697
7696
7694
7691
7691
7690
7690
7689
7686
7686
7685
7685
7684
7682
7681
7681
7679
7679
7679
7679
7678
7678
7676
7676
7674
7673
7669
7669
7669
7668
7667
7667
7665
7663
7661
7660
7659
7659
7657
7657
7657
7656
7656
7654
7653
7653
7652
7651
7646
7645
7643
7641
7641
7640
7640
7640
7639
7636
7636
7635
7634
7634
7633
7632
7632
7632
7632
7631
7631
7627
7627
7627
7626
7625
7624
7623
7621
7621
7621
7621
7620
7620
7620
7616
7616
7616
7614
7613
7612
7610
7609
7609
7609
7609
7607
7607
7606
7606
7604
7603
7602
7602
7600
7600
7600
7599
7595
7594
7593
7591
7589
7589
7587
7585
7583
7582
7582
7581
7579
7578
7576
7576
7576
7575
7574
7573
7573
7572
7571
7570
7566
7565
7563
7562
7562
7562
7560
7557
7557
7556
7554
7551
7550
7548
7547
7545
7545
7544
7544
7543
7543
7542
7541
7541
7541
7541
7541
7539
7538
7538
7536
7536
7535
7533
7532
7532
7531
7530
7530
7529
7528
7528
7526
7525
7524
7523
7520
7518
7517
7517
7511
7510
7509
7508
7507
7507
7507
7506
7502
7502
7501
7500
7498
7495
7494
7494
7492
7491
7489
7485
7484
7483
7482
7482
7481
7480
7479
7478
7477
7472
7472
7471
7469
7469
7468
7467
7467
7467
7467
7465
7464
7464
7463
7462
7462
7460
7459
7459
7456
7456
7454
7451
7451
7450
7447
7445
7445
7440
7440
7440
7440
7439
7438
7433
7433
7433
7432
7432
7431
7430
7430
7429
7427
7426
7423
7422
7421
7421
7421
7421
7419
7419
7417
7417
7415
7415
7414
7414
7413
7412
7411
7409
7408
7408
7405
7404
7403
7402
7402
7402
7402
7400
7400
7400
7400
7399
7397
7396
7395
7394
7392
7392
7390
7390
7386
7383
7381
7381
7381
7378
7377
7374
7374
7372
7371
7368
7366
7366
7365
7364
7363
7362
7362
7362
7361
7358
7357
7356
7355
7355
7354
7353
7352
7351
7350
7349
7348
7347
7346
7345
7344
7343
7343
7342
7341
7340
7340
7340
7340
7339
7339
7339
7338
7337
7337
7337
7337
7335
7335
7332
7330
7329
7328
7328
7326
7325
7325
7323
7322
7322
7321
7321
7320
7320
7319
7318
7317
7316
7316
7316
7315
7314
7314
7314
7313
7308
7308
7308
7306
7303
7302
7302
7301
7299
7299
7298
7298
7295
7293
7289
7289
7285
7284
7284
7283
7281
7280
7279
7278
7276
7276
7275
7274
7273
7272
7271
7268
7268
7268
7268
7265
7264
7263
7262
7260
7259
7259
7258
7257
7257
7256
7256
7256
7255
7255
7254
7253
7253
7252
7251
7250
7249
7249
7249
7248
7247
7246
7243
7243
7242
7241
7241
7239
7235
7233
7233
7232
7232
7229
7229
7229
7228
7228
7226
7226
7223
7222
7222
7222
7221
7218
7218
7216
7216
7216
7216
7215
7215
7215
7214
7214
7213
7211
7210
7210
7209
7207
7207
7206
7206
7205
7204
7204
7202
7202
7201
7201
7199
7199
7197
7196
7196
7195
7195
7195
7194
7193
7192
7192
7191
7190
7190
7188
7188
7187
7181
7181
7180
7179
7179
7178
7177
7175
7174
7172
7172
7170
7170
7170
7170
7169
7168
7167
7167
7166
7162
7160
7159
7159
7158
7155
7155
7154
7150
7150
7150
7149
7147
7145
7143
7140
7139
7139
7138
7137
7136
7136
7136
7135
7135
7133
7131
7130
7129
7129
7129
7129
7128
7128
7125
7125
7124
7122
7121
7121
7120
7120
7117
7116
7115
7114
7111
7110
7109
7108
7108
7105
7103
7102
7101
7100
7099
7098
7097
7096
7096
7094
7093
7090
7089
7088
7088
7087
7086
7083
7082
7082
7081
7080
7079
7078
7076
7075
7073
7072
7071
7071
7071
7069
7069
7069
7069
7068
7068
7068
7068
7066
7065
7064
7063
7063
7063
7063
7063
7062
7060
7059
7059
7055
7053
7053
7051
7049
7049
7046
7045
7043
7043
7042
7039
7038
7038
7037
7036
7035
7034
7033
7031
7026
7026
7025
7024
7023
7023
7023
7020
7019
7018
7018
7011
7010
7010
7010
7009
7008
7008
7007
7006
7003
7002
7002
7002
6999
6998
6998
6997
6995
6995
6995
6994
6993
6993
6993
6993
6992
6991
6989
6989
6988
6987
6986
6985
6984
6984
6983
6983
6983
6981
6981
6980
6980
6978
6975
6975
6974
6974
6973
6972
6971
6970
6970
6970
6970
6968
6966
6965
6964
6963
6963
6961
6957
6957
6957
6956
6954
6952
6952
6951
6948
6946
6945
6943
6942
6942
6941
6941
6941
6940
6940
6940
6938
6938
6937
6937
6937
6936
6933
6932
6931
6931
6931
6929
6929
6929
6927
6926
6924
6924
6924
6924
6923
6923
6923
6923
6921
6920
6920
6920
6920
6919
6919
6918
6918
6917
6914
6912
6912
6912
6911
6911
6910
6910
6907
6905
6905
6904
6903
6903
6902
6902
6902
6901
6899
6899
6898
6898
6897
6895
6894
6893
6893
6891
6889
6889
6885
6881
6880
6880
6876
6876
6875
6874
6874
6869
6869
6866
6866
6865
6865
6863
6859
6854
6854
6853
6852
6852
6850
6850
6849
6848
6847
6846
6843
6843
6842
6841
6841
6841
6840
6839
6837
6836
6834
6834
6834
6833
6833
6832
6828
6828
6827
6827
6827
6826
6826
6822
6822
6820
6820
6819
6819
6818
6818
6817
6814
6814
6814
6814
6813
6811
6806
6805
6805
6805
6804
6802
6802
6800
6797
6794
6793
6793
6789
6788
6787
6787
6787
6784
6784
6784
6783
6782
6782
6782
6782
6778
6775
6773
6771
6769
6768
6767
6766
6766
6766
6765
6763
6760
6757
6757
6756
6755
6754
6753
6751
6747
6747
6746
6745
6744
6742
6741
6741
6740
6740
6740
6739
6739
6738
6738
6738
6737
6737
6736
6735
6735
6729
6729
6728
6727
6726
6726
6726
6721
6719
6716
6715
6715
6714
6714
6714
6713
6712
6712
6711
6710
6710
6709
6709
6707
6706
6706
6705
6704
6704
6704
6701
6701
6700
6696
6694
6694
6694
6691
6689
6689
6687
6684
6682
6682
6681
6680
6679
6676
6676
6675
6675
6674
6674
6673
6672
6671
6670
6668
6668
6667
6665
6660
6660
6655
6655
6655
6654
6654
6654
6653
6653
6651
6649
6649
6649
6646
6646
6644
6644
6643
6642
6642
6642
6640
6639
6639
6638
6638
6638
6633
6632
6632
6630
6630
6630
6630
6629
6628
6627
6627
6627
6626
6623
6623
6623
6621
6619
6618
6618
6618
6616
6615
6614
6610
6610
6609
6609
6607
6607
6605
6605
6604
6603
6603
6602
6602
6601
6601
6598
6597
6597
6596
6596
6595
6594
6593
6591
6591
6591
6590
6590
6589
6588
6587
6587
6586
6585
6585
6584
6580
6580
6577
6576
6576
6575
6575
6575
6575
6574
6573
6572
6572
6571
6571
6570
6570
6568
6567
6567
6566
6565
6563
6561
6558
6557
6556
6556
6556
6554
6552
6550
6549
6549
6549
6548
6545
6545
6544
6542
6541
6541
6539
6539
6539
6538
6537
6535
6535
6535
6532
6530
6528
6528
6524
6524
6524
6522
6519
6518
6518
6518
6517
6515
6514
6514
6514
6512
6511
6510
6510
6508
6507
6506
6506
6504
6503
6502
6502
6499
6497
6497
6496
6496
6494
6492
6492
6490
6490
6490
6489
6487
6487
6486
6486
6482
6482
6480
6478
6478
6478
6477
6475
6474
6472
6470
6470
6470
6470
6469
6468
6467
6466
6466
6464
6464
6464
6464
6462
6462
6461
6456
6454
6453
6451
6451
6449
6449
6449
6447
6447
6446
6445
6443
6442
6440
6439
6438
6436
6436
6434
6430
6428
6427
6427
6425
6425
6424
6422
6421
6421
6420
6420
6419
6416
6415
6414
6414
6414
6413
6412
6410
6410
6408
6408
6408
6407
6406
6404
6403
6403
6402
6402
6401
6399
6398
6397
6396
6395
6395
6395
6394
6393
6393
6393
6393
6393
6392
6392
6391
6391
6389
6389
6389
6388
6388
6387
6384
6383
6382
6381
6380
6380
6379
6378
6376
6376
6376
6375
6373
6373
6372
6372
6370
6370
6368
6368
6367
6366
6365
6364
6364
6363
6363
6361
6361
6361
6360
6359
6358
6357
6356
6356
6356
6356
6354
6352
6351
6351
6351
6351
6349
6349
6348
6347
6347
6346
6345
6345
6343
6341
6339
6339
6337
6337
6336
6335
6334
6333
6333
6332
6331
6331
6331
6330
6328
6325
6322
6321
6320
6319
6318
6317
6316
6316
6316
6315
6315
6315
6314
6312
6309
6309
6308
6306
6304
6301
6300
6299
6299
6299
6298
6297
6297
6297
6295
6295
6294
6294
6293
6289
6289
6288
6286
6285
6284
6283
6283
6282
6281
6281
6280
6280
6275
6274
6274
6273
6272
6272
6269
6269
6267
6266
6266
6264
6264
6262
6261
6261
6261
6260
6259
6259
6259
6258
6258
6257
6257
6256
6255
6253
6253
6250
6250
6248
6246
6245
6244
6244
6243
6243
6242
6241
6240
6239
6238
6238
6235
6235
6230
6223
6222
6218
6215
6215
6213
6213
6212
6211
6211
6208
6207
6207
6207
6203
6201
6200
6199
6196
6192
6192
6192
6189
6187
6185
6185
6184
6183
6182
6180
6179
6175
6174
6172
6171
6171
6170
6170
6168
6168
6167
6165
6164
6163
6163
6162
6161
6159
6159
6158
6158
6158
6157
6157
6156
6156
6156
6156
6155
6151
6151
6151
6149
6147
6147
6147
6147
6146
6145
6141
6141
6139
6139
6139
6138
6137
6136
6135
6135
6134
6134
6134
6133
6130
6129
6128
6126
6124
6123
6123
6119
6118
6117
6117
6110
6110
6110
6110
6108
6108
6107
6106
6105
6103
6102
6102
6102
6102
6101
6101
6099
6099
6099
6098
6098
6096
6096
6096
6096
6095
6094
6093
6093
6093
6092
6092
6091
6091
6091
6090
6089
6089
6087
6087
6086
6085
6085
6084
6080
6078
6077
6076
6073
6073
6072
6071
6069
6069
6068
6068
6068
6066
6066
6066
6066
6065
6064
6064
6061
6059
6058
6057
6057
6053
6052
6052
6051
6051
6047
6047
6043
6042
6041
6041
6040
6037
6037
6037
6037
6033
6031
6030
6027
6025
6024
6024
6023
6022
6020
6020
6018
6018
6018
6017
6017
6017
6017
6016
6015
6015
6013
6012
6011
6011
6009
6006
6004
6001
6000
6000
5999
5998
5998
5996
5995
5995
5994
5993
5993
5992
5991
5990
5989
5989
5989
5988
5988
5988
5986
5982
5981
5981
5979
5977
5977
5976
5975
5972
5970
5970
5970
5968
5968
5967
5966
5966
5965
5963
5961
5961
5960
5960
5959
5958
5957
5956
5956
5955
5955
5954
5953
5952
5951
5951
5950
5949
5946
5946
5946
5944
5944
5943
5942
5941
5938
5938
5938
5936
5936
5936
5935
5934
5933
5930
5930
5927
5926
5925
5925
5924
5924
5924
5924
5922
5922
5921
5920
5920
5919
5919
5917
5917
5915
5914
5914
5914
5913
5911
5909
5907
5907
5905
5903
5899
5898
5897
5897
5897
5893
5892
5891
5888
5887
5886
5886
5885
5885
5885
5884
5884
5883
5881
5881
5880
5879
5878
5878
5876
5876
5874
5874
5874
5873
5873
5871
5870
5870
5869
5866
5866
5864
5863
5863
5859
5859
5859
5856
5855
5855
5853
5852
5851
5850
5847
5845
5844
5844
5843
5843
5842
5841
5841
5840
5839
5838
5836
5836
5835
5835
5835
5830
5829
5829
5829
5828
5827
5825
5825
5824
5823
5822
5821
5821
5821
5818
5818
5818
5817
5816
5816
5814
5813
5813
5813
5809
5809
5809
5805
5804
5804
5803
5803
5801
5800
5800
5799
5799
5798
5797
5795
5795
5794
5794
5791
5789
5787
5785
5784
5784
5783
5783
5778
5778
5778
5777
5777
5776
5776
5775
5774
5773
5773
5772
5771
5771
5770
5770
5770
5769
5769
5768
5768
5768
5767
5767
5766
5766
5766
5766
5766
5764
5763
5763
5760
5757
5757
5754
5751
5751
5744
5744
5744
5743
5742
5741
5741
5740
5740
5739
5739
5739
5738
5738
5736
5735
5733
5732
5732
5732
5731
5730
5730
5729
5729
5726
5724
5724
5722
5721
5720
5718
5718
5714
5714
5713
5712
5712
5711
5711
5710
5709
5708
5707
5706
5706
5706
5706
5705
5705
5702
5701
5699
5695
5695
5694
5693
5692
5692
5688
5688
5688
5688
5683
5683
5682
5681
5681
5680
5679
5679
5676
5676
5675
5674
5674
5673
5672
5671
5671
5669
5669
5667
5667
5665
5665
5663
5660
5660
5658
5658
5658
5654
5654
5652
5652
5652
5651
5651
5650
5648
5647
5646
5646
5642
5642
5641
5641
5640
5639
5638
5637
5637
5636
5636
5635
5633
5632
5631
5631
5630
5629
5626
5626
5626
5626
5624
5623
5623
5622
5621
5621
5614
5614
5613
5613
5612
5612
5612
5608
5608
5608
5607
5605
5605
5605
5604
5602
5602
5599
5599
5598
5597
5597
5595
5595
5594
5593
5591
5591
5589
5589
5587
5586
5583
5579
5579
5578
5576
5576
5576
5575
5573
5570
5570
5570
5569
5569
5567
5566
5565
5564
5563
5559
5559
5558
5557
5557
5557
5556
5555
5555
5553
5553
5553
5551
5551
5551
5550
5548
5548
5547
5544
5543
5543
5540
5540
5538
5534
5534
5533
5531
5529
5528
5527
5527
5526
5525
5523
5522
5522
5522
5519
5519
5517
5513
5513
5511
5511
5511
5510
5507
5505
5505
5504
5503
5501
5499
5498
5498
5497
5496
5495
5492
5492
5491
5490
5487
5487
5485
5484
5482
5482
5480
5479
5479
5479
5478
5477
5476
5475
5474
5474
5474
5473
5472
5472
5471
5471
5470
5470
5468
5466
5466
5466
5466
5464
5463
5463
5463
5462
5461
5461
5459
5459
5459
5458
5457
5456
5456
5452
5451
5451
5450
5448
5446
5446
5444
5444
5441
5440
5439
5439
5438
5438
5437
5437
5436
5434
5433
5430
5430
5430
5430
5428
5428
5427
5425
5424
5424
5421
5420
5420
5417
5417
5416
5416
5416
5415
5414
5414
5412
5412
5410
5409
5408
5408
5408
5407
5403
5402
5399
5398
5396
5396
5396
5395
5394
5393
5393
5391
5391
5390
5390
5389
5389
5389
5388
5388
5388
5386
5385
5384
5383
5383
5381
5380
5378
5377
5376
5374
5373
5373
5373
5373
5371
5370
5370
5370
5369
5368
5368
5367
5367
5365
5365
5365
5363
5361
5361
5360
5360
5358
5357
5357
5355
5354
5354
5353
5353
5353
5351
5348
5347
5346
5345
5344
5344
5344
5344
5341
5336
5336
5336
5336
5335
5335
5334
5332
5331
5331
5331
5330
5330
5329
5329
5329
5329
5327
5325
5325
5325
5324
5322
5322
5321
5321
5320
5319
5318
5318
5318
5318
5317
5317
5316
5316
5315
5313
5311
5307
5307
5306
5305
5305
5304
5303
5303
5301
5299
5299
5296
5295
5294
5294
5293
5293
5293
5292
5291
5291
5290
5290
5289
5288
5288
5287
5287
5286
5285
5284
5282
5279
5277
5276
5275
5275
5271
5271
5270
5270
5269
5269
5268
5267
5267
5266
5266
5265
5265
5264
5264
5264
5259
5259
5258
5257
5257
5255
5253
5252
5250
5248
5247
5247
5247
5246
5246
5245
5244
5244
5244
5242
5242
5241
5240
5239
5238
5238
5236
5235
5235
5235
5233
5233
5232
5232
5232
5231
5228
5228
5227
5227
5226
5224
5224
5221
5221
5221
5220
5219
5219
5218
5217
5217
5214
5213
5211
5210
5210
5209
5207
5207
5206
5206
5206
5205
5204
5201
5200
5200
5198
5197
5195
5194
5194
5192
5192
5191
5191
5189
5184
5184
5183
5183
5182
5181
5180
5180
5180
5180
5179
5178
5178
5178
5177
5177
5177
5176
5174
5174
5173
5173
5172
5170
5170
5168
5167
5167
5167
5166
5166
5166
5166
5162
5162
5162
5161
5161
5160
5160
5159
5158
5158
5157
5157
5157
5156
5155
5154
5153
5151
5150
5149
5149
5148
5147
5146
5145
5141
5141
5139
5138
5137
5137
5135
5134
5132
5132
5132
5130
5130
5127
5127
5125
5125
5124
5122
5122
5121
5121
5118
5116
5116
5114
5114
5112
5108
5107
5107
5106
5106
5105
5105
5104
5103
5103
5102
5102
5101
5101
5100
5099
5099
5098
5097
5093
5090
5088
5087
5084
5083
5082
5082
5082
5079
5079
5078
5076
5075
5073
5073
5072
5072
5071
5069
5068
5068
5068
5067
5063
5062
5062
5062
5061
5060
5059
5059
5059
5058
5057
5055
5052
5052
5052
5050
5050
5049
5046
5046
5045
5045
5045
5044
5044
5043
5043
5042
5040
5040
5037
5037
5036
5036
5036
5035
5035
5034
5033
5032
5032
5031
5031
5030
5030
5030
5030
5029
5028
5028
5028
5027
5025
5024
5021
5021
5020
5020
5018
5016
5016
5015
5015
5014
5011
5011
5010
5010
5009
5006
5006
5004
5004
5003
5002
4999
4998
4996
4996
4994
4992
4990
4989
4989
4988
4987
4986
4984
4981
4981
4979
4979
4978
4978
4977
4976
4974
4974
4974
4973
4972
4970
4969
4967
4966
4966
4966
4965
4965
4964
4964
4963
4962
4961
4960
4959
4958
4957
4956
4956
4956
4955
4954
4953
4953
4952
4951
4950
4949
4949
4949
4948
4946
4946
4945
4943
4943
4942
4942
4942
4942
4940
4939
4937
4936
4935
4935
4935
4934
4934
4933
4933
4932
4931
4931
4929
4928
4928
4928
4928
4927
4927
4926
4926
4924
4924
4923
4918
4918
4917
4916
4916
4915
4915
4915
4911
4911
4910
4910
4909
4909
4909
4909
4908
4908
4907
4907
4904
4901
4900
4899
4899
4898
4896
4895
4894
4894
4892
4891
4891
4890
4889
4888
4888
4888
4887
4886
4884
4879
4877
4876
4872
4872
4871
4871
4870
4870
4870
4869
4869
4868
4868
4867
4867
4865
4865
4864
4863
4862
4862
4861
4861
4861
4861
4860
4860
4860
4860
4859
4859
4858
4858
4856
4854
4852
4851
4851
4850
4850
4849
4848
4848
4848
4848
4847
4847
4846
4846
4845
4843
4843
4842
4841
4841
4840
4840
4835
4835
4834
4834
4834
4834
4832
4829
4828
4825
4824
4824
4822
4822
4821
4821
4820
4819
4818
4817
4816
4816
4815
4813
4813
4813
4808
4807
4806
4806
4804
4803
4803
4803
4802
4801
4801
4800
4799
4797
4792
4792
4791
4790
4789
4787
4786
4785
4785
4785
4783
4783
4781
4781
4781
4781
4780
4779
4779
4777
4776
4775
4773
4772
4771
4769
4765
4764
4764
4763
4762
4762
4761
4761
4761
4761
4760
4757
4757
4756
4755
4755
4754
4753
4753
4752
4750
4749
4748
4747
4746
4746
4745
4745
4743
4743
4740
4738
4737
4736
4736
4735
4735
4734
4733
4733
4731
4730
4728
4725
4722
4722
4721
4720
4720
4719
4719
4718
4717
4717
4715
4714
4713
4711
4710
4710
4709
4709
4708
4707
4706
4706
4705
4703
4701
4700
4700
4698
4697
4697
4694
4694
4694
4693
4690
4689
4689
4689
4686
4685
4684
4684
4684
4683
4683
4682
4680
4679
4679
4679
4677
4677
4677
4675
4675
4673
4673
4673
4671
4671
4668
4668
4667
4666
4666
4665
4665
4665
4665
4665
4664
4663
4662
4662
4661
4660
4660
4659
4659
4659
4658
4658
4658
4656
4656
4655
4655
4655
4653
4650
4649
4649
4649
4648
4648
4648
4646
4642
4642
4642
4641
4640
4639
4639
4638
4637
4636
4636
4635
4635
4630
4630
4629
4628
4627
4625
4624
4624
4622
4621
4621
4621
4620
4618
4618
4617
4617
4616
4616
4615
4614
4613
4611
4611
4609
4609
4608
4608
4607
4601
4601
4601
4600
4599
4599
4598
4598
4597
4595
4591
4591
4590
4585
4585
4585
4584
4583
4582
4582
4581
4580
4580
4579
4578
4577
4577
4576
4576
4576
4575
4575
4574
4574
4574
4573
4572
4572
4571
4571
4570
4569
4569
4568
4568
4567
4567
4567
4567
4566
4565
4563
4561
4560
4559
4558
4557
4557
4557
4551
4548
4547
4545
4545
4544
4543
4541
4541
4540
4540
4539
4538
4537
4537
4537
4536
4535
4534
4534
4533
4533
4531
4531
4530
4528
4527
4526
4525
4525
4521
4521
4520
4519
4518
4516
4515
4514
4513
4513
4513
4511
4511
4510
4510
4509
4508
4507
4506
4504
4499
4498
4498
4497
4496
4496
4495
4493
4493
4493
4493
4490
4490
4487
4487
4487
4487
4486
4486
4483
4483
4482
4481
4480
4480
4479
4478
4478
4477
4477
4476
4475
4473
4471
4470
4470
4468
4468
4467
4467
4467
4467
4465
4465
4463
4463
4463
4463
4461
4460
4458
4457
4456
4455
4454
4454
4453
4451
4451
4450
4450
4448
4447
4446
4444
4443
4443
4442
4442
4441
4439
4439
4438
4437
4437
4435
4434
4434
4433
4432
4432
4431
4431
4429
4428
4426
4426
4424
4422
4422
4421
4418
4417
4417
4415
4415
4413
4412
4410
4409
4408
4408
4404
4402
4402
4402
4400
4400
4400
4399
4399
4398
4397
4394
4392
4392
4391
4389
4388
4388
4387
4386
4386
4385
4384
4384
4384
4383
4381
4379
4379
4379
4378
4376
4376
4374
4367
4367
4365
4363
4360
4359
4357
4357
4356
4354
4354
4353
4349
4349
4348
4347
4345
4344
4341
4341
4341
4340
4340
4340
4340
4339
4335
4331
4331
4330
4327
4325
4324
4324
4323
4323
4322
4320
4319
4316
4315
4313
4313
4312
4312
4311
4311
4310
4310
4308
4307
4307
4306
4304
4303
4303
4302
4301
4300
4300
4300
4299
4298
4297
4295
4292
4290
4290
4290
4289
4289
4288
4288
4287
4286
4286
4285
4281
4278
4277
4277
4275
4270
4265
4264
4260
4260
4259
4259
4259
4259
4258
4256
4256
4256
4255
4253
4252
4248
4247
4247
4245
4245
4242
4240
4240
4239
4235
4235
4235
4234
4233
4233
4230
4229
4228
4226
4225
4224
4223
4222
4222
4222
4220
4219
4219
4218
4218
4218
4216
4216
4215
4215
4213
4213
4210
4209
4208
4208
4208
4206
4206
4205
4204
4203
4202
4201
4200
4199
4199
4199
4198
4196
4195
4193
4193
4192
4192
4191
4190
4189
4188
4188
4188
4186
4185
4184
4184
4181
4180
4176
4176
4175
4174
4174
4174
4173
4170
4170
4169
4166
4164
4162
4162
4162
4161
4161
4160
4160
4159
4159
4159
4159
4158
4158
4158
4154
4154
4153
4151
4150
4149
4149
4148
4148
4148
4146
4146
4146
4145
4145
4144
4143
4143
4143
4142
4142
4142
4141
4140
4139
4139
4139
4135
4135
4134
4133
4131
4130
4130
4130
4129
4128
4126
4126
4125
4122
4121
4119
4117
4116
4116
4116
4115
4113
4112
4110
4109
4108
4107
4107
4106
4106
4104
4103
4102
4102
4102
4099
4098
4098
4097
4096
4096
4096
4095
4092
4091
4089
4087
4087
4083
4082
4082
4081
4079
4074
4071
4069
4069
4069
4068
4068
4067
4067
4067
4067
4066
4066
4066
4066
4065
4065
4064
4064
4064
4064
4064
4064
4063
4060
4059
4059
4058
4056
4056
4055
4054
4053
4053
4052
4052
4052
4051
4051
4050
4049
4048
4048
4047
4045
4044
4043
4043
4043
4040
4038
4037
4037
4035
4035
4035
4035
4034
4034
4032
4031
4030
4030
4028
4027
4024
4024
4024
4023
4023
4020
4019
4017
4015
4015
4013
4012
4011
4011
4010
4010
4010
4008
4005
4004
4003
4003
4002
4001
4000
4000
3999
3998
3997
3996
3995
3995
3993
3993
3993
3991
3990
3989
3988
3987
3987
3986
3984
3983
3981
3978
3974
3973
3973
3969
3968
3968
3965
3964
3963
3962
3962
3960
3960
3958
3958
3957
3956
3956
3956
3955
3955
3954
3953
3952
3951
3951
3950
3950
3950
3949
3948
3948
3948
3946
3944
3943
3943
3942
3942
3942
3941
3938
3937
3937
3936
3932
3931
3929
3929
3929
3928
3928
3926
3925
3925
3924
3923
3923
3922
3920
3920
3919
3917
3915
3913
3913
3912
3910
3910
3909
3907
3905
3905
3905
3904
3901
3901
3900
3899
3899
3899
3895
3894
3892
3891
3891
3891
3890
3890
3890
3889
3889
3887
3887
3886
3884
3884
3884
3883
3883
3882
3881
3880
3874
3873
3873
3872
3871
3871
3869
3868
3867
3867
3865
3865
3864
3864
3863
3863
3863
3863
3860
3860
3858
3857
3853
3853
3852
3850
3849
3849
3849
3849
3848
3848
3846
3845
3844
3841
3837
3835
3835
3834
3834
3833
3833
3831
3831
3830
3830
3828
3826
3825
3825
3823
3822
3822
3821
3821
3819
3818
3814
3814
3813
3811
3811
3810
3810
3809
3809
3807
3807
3806
3805
3804
3804
3803
3803
3803
3802
3800
3798
3797
3797
3796
3796
3795
3794
3793
3792
3792
3791
3791
3788
3787
3786
3785
3784
3783
3782
3782
3782
3782
3780
3779
3777
3777
3775
3773
3772
3772
3769
3767
3766
3764
3763
3762
3762
3762
3761
3761
3759
3759
3757
3756
3754
3753
3753
3753
3751
3751
3750
3750
3746
3745
3745
3745
3745
3744
3740
3738
3737
3736
3732
3731
3731
3730
3729
3728
3727
3724
3724
3723
3723
3723
3723
3723
3722
3722
3719
3716
3713
3713
3712
3711
3711
3710
3709
3708
3708
3707
3707
3706
3703
3703
3700
3698
3695
3694
3692
3691
3690
3690
3686
3685
3684
3684
3683
3683
3681
3681
3679
3678
3677
3677
3677
3677
3677
3675
3675
3673
3671
3668
3665
3665
3665
3664
3664
3664
3664
3663
3662
3662
3660
3658
3658
3657
3657
3656
3656
3655
3655
3655
3655
3654
3653
3649
3648
3647
3646
3646
3643
3643
3643
3642
3640
3639
3637
3636
3636
3634
3634
3633
3632
3630
3629
3629
3628
3627
3623
3623
3622
3621
3621
3619
3619
3618
3618
3617
3617
3617
3616
3616
3616
3616
3615
3615
3613
3613
3612
3610
3609
3608
3608
3605
3602
3602
3601
3600
3594
3592
3592
3591
3591
3590
3590
3589
3587
3585
3584
3583
3581
3581
3578
3578
3578
3578
3577
3577
3576
3575
3574
3573
3572
3572
3571
3569
3565
3564
3564
3564
3563
3563
3562
3562
3560
3560
3559
3559
3558
3557
3557
3555
3554
3554
3551
3551
3550
3550
3549
3548
3547
3547
3547
3546
3541
3540
3540
3540
3539
3538
3538
3537
3536
3535
3534
3532
3532
3532
3531
3530
3530
3526
3526
3524
3524
3521
3520
3518
3517
3514
3513
3513
3511
3510
3510
3510
3508
3508
3506
3506
3506
3506
3503
3502
3502
3500
3499
3499
3499
3499
3498
3497
3497
3496
3495
3495
3494
3493
3487
3487
3486
3486
3485
3485
3482
3482
3481
3481
3480
3478
3476
3476
3475
3475
3473
3473
3473
3472
3472
3467
3466
3466
3466
3465
3464
3464
3461
3461
3459
3458
3457
3456
3453
3451
3451
3451
3450
3449
3448
3446
3445
3442
3441
3441
3439
3439
3438
3438
3437
3436
3435
3433
3432
3428
3427
3424
3424
3423
3423
3422
3420
3420
3418
3418
3414
3414
3413
3413
3413
3412
3412
3412
3411
3411
3410
3408
3404
3403
3401
3397
3394
3394
3393
3392
3392
3390
3390
3388
3388
3387
3386
3386
3384
3383
3382
3378
3377
3377
3377
3374
3374
3373
3372
3370
3369
3369
3369
3368
3368
3368
3365
3365
3365
3363
3363
3363
3360
3360
3359
3358
3358
3357
3355
3355
3352
3351
3351
3347
3347
3347
3345
3345
3344
3344
3343
3343
3340
3340
3340
3340
3340
3336
3335
3333
3333
3333
3333
3331
3331
3330
3329
3329
3328
3328
3327
3325
3325
3325
3325
3325
3325
3324
3323
3320
3319
3319
3318
3316
3315
3314
3311
3311
3310
3309
3309
3309
3306
3306
3306
3303
3303
3299
3296
3295
3294
3293
3291
3289
3289
3289
3288
3286
3285
3284
3284
3283
3280
3280
3279
3278
3277
3277
3275
3275
3273
3272
3270
3269
3269
3268
3267
3266
3264
3263
3260
3260
3260
3259
3259
3259
3258
3255
3255
3255
3253
3253
3252
3250
3249
3248
3248
3248
3247
3246
3246
3243
3242
3240
3240
3240
3238
3238
3237
3235
3234
3232
3231
3231
3230
3227
3227
3226
3226
3225
3225
3225
3224
3222
3222
3221
3219
3218
3217
3217
3216
3215
3214
3212
3209
3209
3209
3204
3203
3202
3201
3198
3197
3196
3195
3193
3191
3189
3188
3187
3186
3184
3182
3182
3181
3179
3179
3178
3177
3175
3174
3172
3172
3171
3170
3170
3169
3168
3168
3166
3163
3162
3162
3160
3159
3158
3157
3157
3154
3153
3153
3153
3152
3151
3149
3148
3148
3146
3146
3146
3144
3141
3140
3140
3138
3135
3134
3133
3133
3131
3131
3129
3128
3128
3128
3127
3125
3123
3123
3123
3123
3122
3121
3119
3119
3119
3118
3118
3117
3117
3117
3117
3114
3110
3110
3110
3110
3109
3107
3106
3105
3103
3103
3100
3099
3097
3096
3096
3095
3095
3093
3091
3090
3090
3090
3089
3088
3088
3087
3086
3082
3081
3081
3079
3076
3076
3075
3075
3074
3074
3074
3073
3069
3069
3068
3068
3067
3066
3065
3062
3057
3056
3054
3054
3052
3051
3051
3050
3050
3050
3048
3047
3046
3046
3046
3044
3044
3043
3043
3041
3040
3040
3039
3037
3037
3035
3035
3034
3033
3032
3030
3028
3027
3026
3024
3024
3023
3023
3023
3022
3021
3020
3017
3013
3013
3012
3012
3009
3008
3007
3004
3004
3004
3003
3003
3002
3001
3001
2998
2998
2998
2997
2997
2996
2994
2992
2990
2988
2988
2988
2987
2987
2987
2987
2984
2982
2982
2981
2979
2979
2978
2978
2977
2977
2976
2976
2975
2974
2974
2973
2972
2972
2971
2969
2968
2968
2968
2966
2966
2966
2966
2965
2965
2964
2963
2962
2962
2961
2959
2958
2957
2957
2956
2956
2955
2955
2955
2951
2949
2949
2947
2947
2946
2946
2945
2944
2943
2942
2942
2942
2941
2936
2935
2935
2932
2932
2931
2931
2929
2929
2928
2927
2927
2927
2926
2926
2919
2916
2915
2914
2913
2912
2911
2910
2910
2907
2904
2901
2900
2897
2896
2896
2894
2893
2893
2892
2892
2891
2891
2890
2888
2888
2883
2883
2881
2879
2878
2877
2876
2876
2876
2875
2873
2873
2873
2872
2872
2871
2871
2871
2871
2869
2868
2866
2866
2865
2865
2864
2864
2862
2861
2857
2854
2853
2853
2852
2852
2851
2851
2851
2851
2850
2849
2848
2848
2847
2846
2844
2843
2843
2843
2842
2841
2840
2840
2840
2839
2838
2833
2830
2829
2824
2823
2823
2823
2823
2822
2822
2821
2821
2820
2819
2819
2816
2816
2816
2814
2814
2814
2812
2811
2811
2811
2811
2807
2802
2802
2801
2798
2797
2797
2796
2795
2793
2792
2791
2791
2790
2789
2787
2786
2784
2783
2782
2782
2780
2776
2775
2775
2774
2773
2773
2771
2769
2769
2768
2767
2767
2765
2764
2761
2760
2759
2758
2758
2758
2757
2757
2755
2754
2753
2753
2752
2749
2749
2749
2749
2747
2746
2744
2744
2743
2743
2741
2741
2740
2739
2735
2735
2733
2733
2733
2732
2731
2731
2730
2730
2729
2729
2728
2727
2725
2723
2721
2720
2720
2718
2717
2716
2715
2715
2713
2712
2710
2709
2707
2706
2706
2704
2704
2701
2700
2700
2699
2699
2699
2698
2698
2697
2697
2693
2692
2691
2690
2689
2689
2689
2688
2687
2687
2687
2687
2685
2685
2684
2683
2682
2681
2680
2679
2677
2677
2675
2675
2673
2672
2671
2670
2668
2667
2666
2658
2658
2658
2657
2657
2656
2656
2654
2653
2653
2653
2653
2650
2650
2650
2646
2645
2644
2644
2644
2642
2640
2638
2637
2635
2634
2634
2633
2633
2632
2632
2631
2631
2630
2630
2629
2628
2627
2625
2623
2623
2623
2622
2622
2620
2618
2614
2613
2613
2611
2611
2609
2609
2607
2607
2606
2602
2600
2598
2596
2594
2593
2592
2591
2590
2590
2588
2587
2587
2586
2582
2582
2582
2581
2580
2579
2578
2577
2576
2576
2574
2574
2574
2572
2572
2571
2571
2569
2568
2567
2567
2567
2567
2566
2566
2566
2565
2564
2563
2563
2562
2562
2561
2560
2560
2558
2558
2556
2556
2555
2555
2554
2550
2549
2549
2549
2548
2547
2546
2545
2545
2544
2542
2541
2541
2541
2541
2540
2537
2537
2537
2536
2535
2535
2533
2532
2530
2529
2528
2527
2526
2525
2525
2525
2524
2523
2520
2519
2517
2517
2516
2516
2515
2514
2513
2510
2507
2506
2506
2506
2505
2501
2496
2495
2494
2494
2489
2488
2487
2486
2485
2485
2484
2483
2482
2482
2481
2480
2479
2479
2476
2475
2475
2474
2472
2471
2470
2469
2467
2467
2467
2466
2465
2461
2461
2461
2457
2454
2454
2454
2454
2453
2452
2448
2447
2446
2446
2444
2444
2443
2440
2439
2439
2439
2439
2438
2438
2436
2433
2432
2432
2430
2429
2427
2426
2422
2419
2417
2417
2417
2416
2413
2413
2412
2411
2411
2409
2409
2407
2406
2403
2403
2402
2401
2396
2395
2395
2394
2394
2393
2391
2391
2390
2389
2388
2387
2387
2386
2386
2385
2385
2384
2384
2381
2380
2380
2379
2378
2378
2378
2377
2375
2375
2373
2373
2373
2373
2372
2370
2369
2367
2364
2364
2362
2362
2361
2361
2360
2356
2356
2354
2350
2349
2348
2343
2342
2342
2341
2340
2338
2336
2335
2332
2330
2330
2329
2328
2328
2325
2325
2325
2324
2321
2319
2319
2317
2315
2315
2314
2314
2314
2313
2312
2312
2310
2307
2307
2305
2305
2303
2303
2302
2302
2301
2300
2297
2295
2295
2294
2293
2293
2290
2289
2289
2288
2287
2285
2285
2285
2284
2284
2284
2283
2282
2282
2281
2279
2279
2278
2277
2275
2272
2271
2269
2269
2268
2264
2263
2262
2261
2258
2258
2257
2257
2255
2254
2254
2253
2253
2253
2252
2252
2251
2251
2251
2250
2250
2250
2249
2245
2244
2241
2241
2241
2241
2240
2240
2239
2238
2238
2238
2237
2235
2234
2234
2234
2234
2232
2231
2231
2228
2225
2224
2222
2221
2221
2219
2219
2219
2218
2217
2217
2217
2216
2216
2215
2215
2211
2210
2209
2209
2209
2207
2207
2206
2205
2205
2205
2204
2204
2203
2202
2201
2198
2198
2196
2196
2194
2193
2193
2193
2192
2191
2189
2188
2188
2187
2186
2186
2184
2181
2181
2181
2181
2180
2180
2180
2176
2173
2173
2173
2172
2172
2172
2171
2170
2170
2169
2169
2168
2167
2167
2166
2165
2165
2164
2164
2163
2162
2161
2161
2159
2158
2158
2157
2157
2156
2156
2156
2156
2155
2153
2153
2152
2151
2148
2147
2145
2145
2144
2143
2142
2139
2139
2137
2137
2137
2136
2136
2132
2130
2130
2130
2130
2129
2129
2128
2128
2128
2128
2127
2125
2124
2124
2122
2122
2122
2122
2121
2121
2118
2118
2115
2113
2112
2112
2110
2109
2108
2107
2106
2106
2105
2105
2104
2103
2102
2100
2099
2099
2097
2095
2095
2094
2093
2092
2090
2089
2089
2084
2084
2084
2083
2083
2083
2082
2082
2081
2081
2080
2080
2078
2077
2075
2074
2074
2072
2068
2067
2067
2066
2065
2065
2061
2061
2058
2056
2055
2055
2055
2054
2054
2053
2052
2051
2051
2050
2050
2049
2049
2048
2047
2047
2047
2044
2042
2042
2041
2040
2039
2038
2036
2035
2035
2033
2031
2031
2028
2028
2026
2025
2024
2022
2022
2022
2022
2020
2020
2018
2018
2017
2016
2016
2016
2016
2015
2015
2015
2015
2015
2012
2012
2012
2010
2009
2009
2008
2008
2007
2007
2006
2006
2005
2005
2004
2004
2003
2003
2003
2003
2001
2001
1996
1996
1995
1994
1993
1993
1992
1992
1990
1990
1990
1988
1988
1987
1987
1986
1983
1982
1980
1979
1978
1978
1977
1976
1976
1975
1974
1973
1972
1972
1971
1971
1969
1969
1968
1967
1964
1963
1961
1960
1959
1954
1953
1952
1951
1950
1949
1949
1948
1948
1947
1946
1945
1944
1943
1942
1942
1942
1941
1941
1941
1938
1937
1936
1934
1934
1933
1932
1931
1929
1928
1927
1927
1925
1924
1923
1923
1920
1920
1918
1918
1917
1917
1915
1914
1912
1911
1910
1910
1906
1904
1902
1902
1902
1901
1900
1900
1900
1900
1899
1898
1897
1896
1896
1893
1893
1891
1891
1891
1891
1890
1890
1889
1887
1884
1884
1882
1879
1879
1878
1878
1877
1875
1875
1873
1872
1871
1870
1869
1868
1866
1864
1862
1861
1861
1860
1860
1860
1860
1860
1859
1859
1859
1858
1856
1856
1856
1855
1853
1853
1851
1851
1849
1849
1849
1845
1844
1844
1843
1842
1841
1840
1839
1837
1837
1836
1836
1835
1835
1834
1832
1828
1827
1826
1825
1825
1824
1824
1823
1823
1823
1822
1822
1821
1819
1818
1816
1816
1816
1815
1814
1813
1812
1812
1809
1808
1808
1807
1807
1806
1806
1806
1805
1805
1803
1803
1803
1802
1801
1799
1796
1795
1794
1793
1793
1793
1791
1790
1787
1787
1786
1785
1782
1781
1779
1779
1779
1778
1777
1776
1774
1773
1772
1771
1771
1770
1769
1768
1764
1764
1763
1763
1762
1762
1761
1761
1759
1759
1756
1756
1753
1752
1750
1749
1749
1749
1749
1747
1747
1747
1746
1743
1743
1742
1742
1741
1738
1738
1737
1737
1735
1733
1732
1731
1729
1727
1727
1727
1726
1726
1725
1725
1723
1721
1718
1716
1715
1715
1714
1714
1714
1714
1714
1714
1713
1713
1712
1712
1712
1711
1710
1708
1706
1704
1704
1703
1703
1703
1701
1699
1696
1693
1693
1691
1690
1688
1687
1687
1686
1686
1685
1685
1685
1684
1684
1682
1681
1680
1677
1676
1676
1676
1673
1672
1671
1669
1668
1668
1668
1668
1665
1663
1662
1661
1660
1660
1660
1659
1659
1656
1656
1656
1656
1655
1654
1653
1650
1647
1646
1645
1643
1642
1640
1639
1637
1636
1636
1636
1634
1633
1632
1632
1630
1629
1629
1629
1629
1628
1627
1626
1626
1624
1624
1621
1621
1621
1620
1619
1619
1618
1618
1616
1616
1616
1615
1614
1612
1611
1608
1607
1605
1605
1604
1603
1601
1599
1599
1599
1597
1596
1595
1593
1592
1591
1590
1590
1587
1586
1585
1585
1585
1583
1583
1582
1582
1582
1581
1581
1581
1579
1579
1578
1576
1575
1571
1571
1570
1570
1570
1569
1568
1568
1565
1564
1563
1562
1562
1561
1561
1559
1559
1558
1556
1555
1553
1553
1552
1552
1551
1551
1551
1551
1550
1548
1546
1546
1545
1545
1545
1544
1544
1542
1541
1540
1539
1539
1537
1534
1530
1529
1528
1528
1527
1526
1525
1523
1522
1522
1521
1517
1517
1516
1516
1513
1512
1512
1508
1508
1508
1507
1505
1504
1503
1503
1501
1501
1499
1499
1498
1495
1494
1490
1490
1489
1489
1489
1489
1488
1488
1487
1485
1484
1483
1482
1481
1481
1480
1480
1480
1479
1478
1478
1478
1477
1475
1475
1474
1474
1474
1474
1473
1472
1471
1471
1470
1469
1469
1466
1466
1464
1463
1462
1462
1462
1461
1460
1460
1457
1457
1457
1456
1456
1456
1453
1453
1452
1452
1452
1449
1447
1446
1446
1444
1444
1443
1442
1442
1442
1441
1440
1437
1437
1436
1434
1434
1431
1429
1429
1429
1428
1425
1425
1425
1423
1420
1420
1420
1419
1418
1417
1417
1414
1412
1411
1409
1409
1409
1407
1407
1405
1405
1404
1403
1402
1402
1401
1400
1400
1399
1399
1398
1396
1396
1392
1392
1392
1390
1389
1388
1387
1386
1385
1384
1382
1381
1379
1376
1375
1375
1373
1373
1371
1370
1367
1365
1364
1363
1363
1363
1363
1362
1361
1358
1358
1357
1356
1356
1355
1354
1352
1352
1352
1352
1351
1351
1351
1349
1349
1348
1347
1347
1346
1346
1341
1341
1340
1339
1336
1336
1334
1334
1334
1333
1332
1331
1331
1330
1328
1327
1327
1326
1323
1321
1321
1320
1320
1320
1318
1318
1318
1317
1317
1317
1316
1315
1315
1313
1313
1313
1311
1310
1310
1310
1310
1310
1309
1306
1303
1302
1299
1298
1297
1296
1296
1294
1294
1293
1293
1292
1292
1292
1291
1291
1290
1290
1289
1286
1285
1283
1282
1281
1280
1279
1277
1277
1274
1273
1272
1268
1266
1266
1266
1265
1265
1265
1263
1261
1259
1258
1256
1256
1255
1254
1254
1254
1252
1251
1250
1248
1248
1248
1247
1247
1245
1245
1244
1244
1244
1243
1242
1242
1241
1241
1239
1237
1233
1232
1232
1231
1229
1229
1227
1226
1226
1223
1222
1221
1221
1221
1218
1218
1217
1216
1216
1214
1213
1212
1212
1211
1211
1210
1208
1208
1207
1206
1205
1204
1203
1202
1200
1199
1199
1199
1197
1196
1196
1195
1193
1192
1192
1191
1189
1187
1187
1185
1183
1183
1182
1180
1179
1177
1175
1175
1175
1173
1172
1172
1166
1165
1164
1163
1163
1163
1161
1160
1158
1156
1155
1154
1154
1153
1153
1153
1152
1150
1150
1148
1148
1146
1145
1145
1142
1142
1140
1139
1138
1137
1137
1136
1136
1136
1135
1134
1133
1132
1132
1131
1131
1130
1129
1129
1128
1127
1126
1126
1126
1126
1126
1125
1125
1124
1123
1123
1122
1122
1121
1119
1119
1118
1118
1117
1117
1116
1116
1115
1114
1114
1114
1114
1114
1113
1112
1111
1110
1107
1107
1107
1106
1104
1104
1102
1101
1100
1096
1092
1092
1092
1092
1090
1089
1089
1089
1088
1088
1087
1087
1086
1086
1085
1085
1085
1084
1081
1079
1077
1077
1076
1076
1075
1075
1075
1074
1074
1073
1073
1072
1070
1070
1069
1068
1066
1065
1064
1061
1061
1059
1059
1057
1056
1055
1055
1054
1053
1053
1053
1051
1051
1051
1049
1048
1048
1046
1046
1043
1042
1042
1040
1040
1039
1032
1031
1030
1029
1028
1027
1026
1026
1025
1024
1020
1020
1020
1020
1018
1016
1014
1014
1013
1008
1008
1007
1006
1006
1003
1003
1003
1002
1001
1000
999
997
996
996
994
992
990
990
989
988
986
985
985
984
984
984
983
983
982
981
981
980
980
980
979
979
978
978
978
977
977
977
975
975
974
972
972
966
965
961
960
960
960
958
956
954
950
950
949
949
949
948
946
946
943
939
939
938
937
937
936
936
934
933
932
931
930
930
930
929
927
926
926
925
921
920
920
920
920
916
916
916
915
914
914
912
912
912
911
909
907
906
906
905
904
902
901
901
901
900
900
898
898
897
897
897
897
896
895
894
894
893
891
891
890
890
889
889
888
887
886
885
883
881
879
878
875
875
875
875
874
873
873
873
872
870
869
869
869
866
865
861
860
860
858
857
857
856
856
855
855
854
854
853
852
852
852
850
849
849
848
847
844
844
841
838
837
837
837
835
833
832
832
831
831
830
829
829
828
828
827
826
825
825
824
823
823
821
821
821
818
817
816
816
815
814
814
814
814
813
813
812
812
811
811
810
808
808
807
806
804
802
802
801
800
799
799
799
799
796
796
795
793
793
792
792
791
789
788
787
787
779
778
771
770
770
769
769
769
768
768
764
764
763
762
758
756
750
748
748
748
745
744
742
741
739
738
738
738
736
736
735
735
735
735
733
732
731
726
725
725
723
723
722
722
718
718
718
717
716
715
715
714
712
712
711
711
710
709
708
707
704
703
703
703
700
699
697
695
694
694
691
690
687
687
687
686
686
686
685
683
683
682
680
680
679
679
678
677
677
677
675
675
672
670
669
669
669
668
667
666
665
664
664
663
661
660
660
659
659
658
656
656
655
652
652
652
651
650
649
648
648
648
647
646
645
645
643
639
639
639
638
637
636
635
635
634
633
633
633
631
630
630
630
629
628
628
625
623
623
621
621
621
618
618
617
616
616
615
614
612
612
610
608
607
606
606
604
603
603
602
602
601
600
600
600
595
595
595
592
592
591
590
590
589
589
589
589
588
588
586
584
583
582
582
577
577
575
575
574
573
573
572
572
572
568
567
567
567
566
566
566
566
565
562
562
560
558
558
557
557
557
557
557
555
555
555
554
552
552
552
552
551
550
548
547
545
543
543
542
542
539
534
533
531
531
528
527
527
527
526
526
525
525
524
521
520
519
519
519
514
513
512
512
511
510
510
509
507
505
505
505
505
504
503
502
502
501
501
501
501
500
499
498
496
496
494
493
493
492
491
490
489
486
485
485
484
483
483
481
481
477
474
473
472
471
471
470
468
468
467
467
467
465
465
464
464
463
462
460
456
456
455
453
453
453
451
449
449
448
447
446
445
443
442
440
439
439
434
434
434
434
433
433
433
431
430
430
427
426
425
424
424
423
421
421
421
421
419
418
417
416
416
414
413
412
412
411
408
407
406
405
404
404
404
403
403
402
400
400
399
395
395
394
394
393
393
392
390
390
390
389
388
388
387
387
386
386
385
382
382
382
380
380
380
379
378
378
378
377
377
376
370
370
368
368
368
367
367
365
365
364
364
363
360
359
359
359
358
357
356
354
354
353
351
351
350
349
348
348
345
344
343
341
340
338
337
337
335
334
334
333
329
324
323
322
321
321
321
320
320
320
320
318
317
316
315
315
314
310
310
310
309
309
306
304
303
302
302
301
301
300
300
299
298
298
297
295
293
293
292
292
290
290
289
289
289
289
288
287
287
284
284
279
278
278
277
276
276
274
272
271
270
269
269
268
268
268
267
265
262
256
254
253
253
252
252
251
251
250
250
248
247
247
247
246
245
244
244
243
242
242
236
236
236
234
229
228
225
225
225
224
222
219
218
216
216
215
215
215
213
212
211
211
210
209
208
208
207
205
204
204
203
200
200
199
199
198
198
197
195
195
195
192
190
188
188
188
186
185
185
184
183
182
181
180
179
178
178
177
177
176
172
171
168
168
165
162
161
160
160
160
159
159
159
159
158
155
154
153
150
149
148
147
146
146
145
143
142
142
141
138
137
136
136
134
132
130
129
128
128
127
127
127
124
123
123
123
122
120
120
119
118
117
117
116
115
115
114
114
113
111
110
109
108
106
105
105
104
104
101
100
99
98
97
97
97
97
94
94
94
93
92
90
90
90
89
86
86
86
86
86
85
84
82
81
80
78
76
75
74
73
73
73
71
69
69
69
69
68
68
66
64
60
60
57
57
55
51
50
50
47
46
44
44
42
42
42
41
38
38
37
37
36
36
35
33
32
31
31
30
30
30
30
27
26
26
25
23
22
22
18
18
17
15
15
15
15
14
13
13
12
12
9
8
7
6
6
6
6
5
5
5
2
0
